date,open,high,low,close,volume
2024-10-25,1547.0,1574.79,1546.01,1558.85,2774508
2024-10-28,1560.0,1565.0,1522.23,1565.0,3912140
2024-10-29,1560.0,1580.0,1530.0,1531.62,4116578
2024-10-30,1525.0,1551.19,1523.41,1532.0,3200574
2024-10-31,1532.15,1540.0,1520.0,1527.79,2995735
2024-11-01,1521.0,1545.13,1520.8,1533.75,3228392
2024-11-04,1544.93,1550.0,1528.06,1548.2,2909292
2024-11-05,1540.0,1577.7,1536.01,1576.99,4564047
2024-11-06,1575.0,1588.99,1561.22,1571.0,3763143
2024-11-07,1562.46,1653.5,1562.3,1649.14,7473872
2024-11-08,1660.89,1667.11,1601.01,1609.97,6077120
2024-11-11,1590.0,1609.95,1567.19,1598.01,4385365
2024-11-12,1589.0,1623.0,1573.95,1577.2,4922266
2024-11-13,1568.0,1586.66,1561.28,1578.5,2912526
2024-11-14,1570.0,1594.45,1565.65,1573.8,2924814
2024-11-15,1569.0,1583.8,1553.0,1559.0,3376112
2024-11-18,1562.0,1575.99,1555.0,1559.0,2709219
2024-11-19,1565.0,1569.37,1525.0,1541.92,3326643
2024-11-20,1543.0,1553.97,1531.3,1544.81,2134455
2024-11-21,1543.87,1548.99,1532.0,1545.13,1826179
2024-11-22,1541.15,1547.77,1507.82,1507.82,3343611
2024-11-25,1511.0,1532.0,1496.67,1498.57,3318556
2024-11-26,1498.57,1518.88,1488.88,1509.0,2574479
2024-11-27,1509.0,1522.15,1505.0,1519.05,2593417
2024-11-28,1522.0,1524.99,1502.0,1518.0,2395203
2024-11-29,1517.0,1555.0,1513.21,1525.74,3608810
2024-12-02,1526.0,1529.99,1515.1,1525.0,2681954
2024-12-03,1524.0,1528.9,1516.08,1526.74,2480662
2024-12-04,1520.07,1523.66,1510.0,1520.0,2392389
2024-12-05,1510.86,1517.86,1510.0,1511.0,1614147
2024-12-06,1513.0,1538.9,1508.07,1521.01,3203969
2024-12-09,1522.02,1529.72,1513.2,1518.8,1979986
2024-12-10,1570.0,1579.73,1545.18,1546.59,6031210
2024-12-11,1540.0,1555.0,1530.98,1535.6,2967112
2024-12-12,1532.02,1566.0,1529.0,1565.8,4193652
2024-12-13,1550.01,1554.99,1518.88,1519.0,4951197
2024-12-16,1521.0,1529.0,1510.71,1527.2,3253710
2024-12-17,1525.99,1569.0,1521.01,1558.0,5417163
2024-12-18,1557.97,1577.0,1547.1,1571.5,4116226
2024-12-19,1565.14,1567.93,1550.33,1551.01,2480932
2024-12-20,1531.13,1541.8,1520.02,1522.0,2815774
2024-12-23,1523.0,1538.0,1517.0,1526.45,2160269
2024-12-24,1525.0,1544.0,1521.59,1538.82,2210492
2024-12-25,1538.8,1538.8,1526.1,1530.0,1712339
2024-12-26,1534.0,1538.78,1523.0,1527.79,1828651
2024-12-27,1528.9,1536.0,1519.5,1528.97,2075932
2024-12-30,1533.97,1543.96,1525.0,1525.0,2512982
2024-12-31,1525.4,1545.0,1522.01,1524.0,3935445
2025-01-02,1524.0,1524.49,1480.0,1488.0,5002870
2025-01-03,1494.5,1494.99,1467.01,1475.0,3262836
2025-01-06,1453.0,1462.66,1432.8,1440.0,4425512
2025-01-07,1444.66,1451.89,1439.0,1440.2,2422118
2025-01-08,1440.0,1451.82,1426.66,1442.5,3525821
2025-01-09,1448.99,1464.58,1432.98,1444.0,2970565
2025-01-10,1447.1,1451.95,1436.0,1436.0,2187195
2025-01-13,1425.0,1444.44,1422.01,1443.98,2108251
2025-01-14,1444.95,1478.68,1442.0,1472.5,3095657
2025-01-15,1467.0,1474.6,1460.01,1471.27,1839934
2025-01-16,1474.0,1482.66,1442.0,1446.38,2634213
2025-01-17,1446.39,1461.0,1446.38,1454.75,1830894
2025-01-20,1461.0,1489.79,1460.0,1474.8,3140975
2025-01-21,1481.0,1482.0,1465.0,1468.15,1685604
2025-01-22,1463.27,1467.95,1438.0,1441.0,2829384
2025-01-23,1449.97,1468.0,1438.0,1443.0,2712504
2025-01-24,1442.0,1447.79,1430.31,1436.0,3136034
2025-01-27,1437.0,1443.97,1427.02,1434.99,2935646
2025-02-05,1440.0,1443.0,1402.21,1403.8,4075652
2025-02-06,1400.01,1421.99,1400.01,1412.84,2735582
2025-02-07,1413.68,1442.68,1403.41,1436.0,3724207
2025-02-10,1438.0,1440.0,1427.09,1431.51,2083979
2025-02-11,1434.95,1435.96,1415.9,1418.0,2357283
2025-02-12,1418.0,1445.0,1416.88,1443.0,2547579
2025-02-13,1443.02,1475.25,1434.51,1465.06,4338536
2025-02-14,1465.06,1477.0,1458.22,1475.0,2709992
2025-02-17,1481.0,1494.98,1467.1,1471.62,3247059
2025-02-18,1470.0,1492.99,1462.08,1475.0,2779992
2025-02-19,1475.05,1494.44,1464.9,1491.0,3239331
2025-02-20,1483.0,1491.97,1473.39,1474.0,2374973
2025-02-21,1480.0,1496.73,1473.01,1488.21,3641783
2025-02-24,1488.0,1499.52,1474.0,1479.07,3474373
2025-02-25,1470.01,1473.39,1452.0,1454.0,2838743
2025-02-26,1455.45,1464.96,1445.0,1460.01,2636609
2025-02-27,1460.02,1489.9,1454.0,1485.56,4976217
2025-02-28,1485.5,1528.38,1482.0,1500.79,5612895
2025-03-03,1502.6,1520.99,1481.5,1487.02,3159566
2025-03-04,1485.0,1486.0,1465.21,1470.11,2521121
2025-03-05,1472.0,1474.0,1460.1,1466.37,2460522
2025-03-06,1474.0,1510.2,1472.08,1505.98,4216764
2025-03-07,1503.0,1528.36,1503.0,1521.0,3799135
2025-03-10,1519.81,1526.88,1506.14,1522.9,3136907
2025-03-11,1517.0,1548.68,1512.0,1548.68,3977560
2025-03-12,1546.96,1549.68,1526.35,1542.58,2960396
2025-03-13,1544.0,1555.5,1530.88,1537.77,2572439
2025-03-14,1547.66,1628.01,1541.0,1628.01,9291315
2025-03-17,1657.0,1657.99,1626.88,1637.86,5468913
2025-03-18,1645.04,1652.0,1621.7,1624.0,3161345
2025-03-19,1624.29,1648.0,1623.0,1635.71,2738955
2025-03-20,1635.71,1637.6,1595.07,1604.0,3673677
2025-03-21,1599.0,1612.2,1568.83,1573.75,3361430
2025-03-24,1570.0,1589.66,1562.38,1583.0,2556585
2025-03-25,1588.0,1592.8,1566.66,1575.5,1767438
2025-03-26,1572.77,1582.58,1571.0,1576.0,1432356
2025-03-27,1576.0,1598.25,1573.38,1589.0,1795563
2025-03-28,1590.93,1593.0,1576.0,1585.21,1622789
2025-03-31,1580.98,1586.96,1560.06,1561.0,2108494
2025-04-01,1564.0,1569.89,1552.21,1556.02,1855644
2025-04-02,1558.0,1567.8,1545.5,1549.02,2167401
2025-04-03,1530.0,1586.0,1529.01,1568.88,3548050
2025-04-07,1520.01,1536.85,1462.0,1500.0,10195267
2025-04-08,1513.0,1545.0,1495.0,1545.0,7387649
2025-04-09,1525.02,1556.8,1520.55,1541.04,5563004
2025-04-10,1550.99,1555.0,1528.0,1549.0,3862021
2025-04-11,1579.97,1579.97,1545.0,1568.98,3263423
2025-04-14,1560.97,1566.0,1551.53,1551.99,2171144
2025-04-15,1552.0,1565.0,1545.0,1558.0,2148928
2025-04-16,1552.0,1576.0,1537.0,1559.17,3115605
2025-04-17,1554.0,1576.5,1549.99,1570.0,2384605
2025-04-18,1566.0,1575.0,1556.0,1565.94,2029848
2025-04-21,1565.5,1565.5,1551.0,1551.0,1805703
2025-04-22,1550.0,1556.3,1543.21,1548.8,1843214
2025-04-23,1559.0,1559.22,1545.0,1552.0,1866876
2025-04-24,1552.0,1560.68,1548.98,1552.25,1487181
2025-04-25,1557.1,1561.2,1550.0,1550.0,1476490
2025-04-28,1552.0,1555.0,1546.6,1550.0,1465972
2025-04-29,1550.0,1552.54,1532.02,1544.0,1892180
2025-04-30,1549.99,1566.66,1546.3,1547.0,2575425
2025-05-06,1559.0,1559.0,1544.33,1550.2,1830026
2025-05-07,1570.0,1570.0,1550.2,1555.0,2746221
2025-05-08,1553.0,1592.78,1549.83,1578.19,3348106
2025-05-09,1578.99,1597.45,1575.05,1591.18,2367190
2025-05-12,1598.0,1618.93,1596.61,1604.5,2473533
2025-05-13,1608.92,1608.92,1585.11,1590.3,2125829
2025-05-14,1590.0,1645.0,1588.18,1634.99,3946012
2025-05-15,1634.8,1643.59,1624.13,1632.01,2473285
2025-05-16,1633.99,1636.99,1614.13,1614.13,2293522
2025-05-19,1596.0,1600.0,1573.88,1578.98,3806283
2025-05-20,1580.0,1594.8,1575.1,1586.0,1952153
2025-05-21,1585.0,1595.94,1580.97,1580.97,1979464
2025-05-22,1580.99,1584.99,1570.1,1580.0,1509024
2025-05-23,1575.2,1587.9,1571.66,1572.6,2153700
2025-05-26,1570.0,1574.63,1545.0,1550.5,2708653
2025-05-27,1551.0,1558.6,1543.51,1543.9,1775213
2025-05-28,1543.99,1546.46,1533.0,1537.0,1626568
2025-05-29,1540.0,1555.0,1532.0,1540.0,2185958
2025-05-30,1540.15,1545.0,1515.24,1522.0,3123918
2025-06-03,1508.01,1519.0,1505.02,1509.0,2897918
2025-06-04,1510.5,1523.0,1509.22,1509.96,2300809
2025-06-05,1514.0,1516.0,1502.2,1514.0,2321366
2025-06-06,1513.8,1518.97,1503.0,1506.39,2502307
2025-06-09,1505.02,1508.7,1485.68,1486.11,4495867
2025-06-10,1486.0,1492.0,1474.8,1475.01,3049220
2025-06-11,1476.8,1494.0,1476.1,1480.0,3089282
2025-06-12,1480.0,1483.87,1454.1,1459.0,4990361
2025-06-13,1444.41,1449.97,1425.06,1426.95,5911325
2025-06-16,1401.2,1425.04,1401.18,1422.29,4288787
2025-06-17,1420.0,1427.0,1412.18,1427.0,2723151
2025-06-18,1440.0,1443.44,1421.01,1425.0,3076099
2025-06-19,1426.0,1433.67,1417.18,1426.0,2450072
2025-06-20,1423.58,1441.14,1420.2,1428.66,3481581
2025-06-23,1420.0,1433.0,1405.18,1420.0,2672331
2025-06-24,1423.35,1451.68,1423.35,1437.2,3631151
2025-06-25,1439.11,1449.2,1420.51,1435.86,4105007
2025-06-26,1415.0,1428.0,1410.08,1420.0,3486025
2025-06-27,1420.01,1423.0,1403.09,1403.09,3824973
2025-06-30,1403.5,1413.23,1402.0,1409.52,3045730
2025-07-01,1409.0,1411.94,1403.31,1405.1,1987819
2025-07-02,1409.5,1414.8,1400.0,1409.6,2621825
2025-07-03,1412.0,1422.69,1408.0,1415.6,2441267
2025-07-04,1415.7,1431.89,1410.01,1422.22,2876691
2025-07-07,1422.28,1423.5,1410.01,1410.7,2385467
2025-07-08,1410.71,1420.0,1410.7,1416.11,1867370
2025-07-09,1415.0,1429.97,1414.17,1418.88,2774532
2025-07-10,1418.97,1436.18,1410.4,1426.5,3872503
2025-07-11,1423.16,1458.0,1423.16,1427.0,5724335
2025-07-14,1430.0,1434.98,1421.6,1423.6,2778094
2025-07-15,1420.98,1422.93,1408.32,1411.0,3540578
2025-07-16,1410.01,1417.49,1409.95,1411.03,2128605
2025-07-17,1413.98,1423.01,1412.88,1416.35,2310554
2025-07-18,1420.0,1437.81,1416.38,1437.0,4182341
2025-07-21,1436.99,1446.8,1435.0,1443.0,2620331
2025-07-22,1444.0,1466.6,1440.68,1464.98,4211898
2025-07-23,1469.0,1495.0,1468.95,1475.5,4504484
2025-07-24,1476.0,1499.0,1475.0,1491.5,3880364
2025-07-25,1491.4,1491.4,1453.0,1455.0,4191126
2025-07-28,1453.0,1454.99,1436.3,1438.66,3858632
2025-07-29,1439.6,1448.79,1435.01,1439.0,2630408
2025-07-30,1444.0,1457.16,1437.0,1449.44,3186771
2025-07-31,1443.0,1444.87,1418.0,1421.67,5179751
2025-08-01,1421.87,1425.96,1414.0,1417.0,2963559
2025-08-04,1415.0,1419.8,1414.0,1419.0,1868795
2025-08-05,1421.0,1429.94,1417.11,1427.74,2534227
2025-08-06,1429.0,1429.0,1419.3,1423.88,2369928
2025-08-07,1423.88,1427.7,1420.06,1422.35,2800134
2025-08-08,1423.05,1426.5,1418.0,1420.97,1865528
2025-08-11,1423.5,1451.99,1423.0,1445.0,4715907
2025-08-12,1449.0,1465.07,1436.0,1437.04,4201923
2025-08-13,1425.0,1433.68,1420.0,1420.05,6552754
2025-08-14,1420.94,1447.51,1420.94,1426.99,4812930
2025-08-15,1426.01,1428.66,1420.22,1422.08,4758165
2025-08-18,1426.99,1436.64,1423.1,1428.5,4737798
2025-08-19,1433.5,1446.66,1432.0,1438.0,4637186
2025-08-20,1438.0,1452.8,1430.02,1450.0,4580466
2025-08-21,1453.45,1454.99,1443.65,1448.25,3089057
2025-08-22,1448.88,1464.0,1444.77,1463.95,4497058
2025-08-25,1470.01,1496.0,1466.0,1490.33,6532455
2025-08-26,1490.32,1494.23,1480.01,1481.61,3960213
2025-08-27,1481.88,1484.93,1448.0,1448.0,5600609
2025-08-28,1447.97,1456.1,1438.77,1446.1,3928177
2025-08-29,1453.0,1482.58,1452.0,1480.0,6225648
2025-09-01,1482.2,1488.0,1465.7,1476.1,4512338
2025-09-02,1478.66,1509.0,1478.0,1491.3,5668837
2025-09-03,1491.0,1503.5,1466.0,1480.55,4504503
2025-09-04,1472.0,1479.3,1460.47,1472.66,4774676
2025-09-05,1471.0,1486.97,1464.0,1483.0,3738848
2025-09-08,1483.0,1506.44,1477.5,1501.23,5138298
2025-09-09,1505.0,1509.95,1493.42,1505.0,3574277
2025-09-10,1506.66,1529.95,1496.0,1522.01,4966331
2025-09-11,1522.01,1526.02,1508.5,1523.5,3723896
2025-09-12,1526.0,1538.02,1510.53,1516.0,3372209
2025-09-15,1515.87,1517.48,1501.5,1515.1,2582703
2025-09-16,1515.1,1520.99,1496.21,1499.98,3271789
2025-09-17,1499.99,1510.28,1490.01,1493.0,3033054
2025-09-18,1492.0,1497.8,1463.5,1467.96,4972125
2025-09-19,1467.99,1475.5,1457.01,1467.97,3263662
2025-09-22,1465.09,1467.97,1450.01,1453.35,3494708
2025-09-23,1450.5,1457.5,1440.0,1447.42,3866300
2025-09-24,1434.07,1456.78,1434.07,1442.0,3074350
2025-09-25,1442.83,1445.21,1436.0,1439.0,3386973
2025-09-26,1441.18,1447.11,1428.01,1435.0,4512071
2025-09-29,1439.38,1469.99,1435.0,1460.86,5368403
2025-09-30,1460.0,1460.76,1440.0,1443.99,3936362
2025-10-09,1436.0,1439.38,1420.0,1436.78,5491812
2025-10-10,1437.6,1439.94,1427.5,1430.0,3600144
2025-10-13,1415.7,1422.85,1415.12,1419.2,4606880
2025-10-14,1429.99,1464.0,1429.99,1451.02,6667233
2025-10-15,1450.98,1463.0,1445.08,1462.0,4278540
2025-10-16,1461.92,1484.95,1458.88,1484.91,4573015
2025-10-17,1483.1,1488.0,1454.03,1455.0,3808589
2025-10-20,1455.0,1469.5,1454.88,1457.93,2594988
2025-10-21,1459.0,1469.94,1455.5,1462.26,2544267
2025-10-22,1462.08,1465.73,1456.0,1458.7,1819492
2025-10-23,1455.0,1468.8,1447.2,1467.98,2932235
2025-10-24,1467.95,1478.88,1449.34,1450.0,3822583
